((("tabbar-backward" .
   [0 0 0 0 0 0 0 0 0 0 0 1 0 0 0])
  ("kbd" .
   [0 0 1])
  ("global-set-key" .
   [0 0 0 0 0 0 0 1 0 0 0 0 0 0])
  ("BOOST_TEST" .
   [5 0 0 0 0 0 0 0 0 0])
  ("test_user_utility" .
   [1 0 0 0 0 0 0 0 0 0 0 0 0 0 0 0 0])
  ("b2" .
   [1 0])
  ("at1_2" .
   [4 0 0 0 0])
  ("at1_3" .
   [5 0 0 0 0])
  ("pid_user_sub1" .
   [3 0 0 0 0 0 0 0 0 0 0 0 0])
  ("order_" .
   [9 0 0 0 0 0])
  ("pid_user_sub2" .
   [3 0 0 0 0 0 0 0 0 0 0 0 0])
  ("pid_user_sub3" .
   [3 0 0 0 0 0 0 0 0 0 0 0 0])
  ("BOOST_CHECK" .
   [4 0 0 0 0 0 0 0 0 0 0])
  ("std" .
   [8 0 1])
  ("pid_pub1" .
   [5 0 0 0 0 0 0 0])
  ("au1_1" .
   [2 0 0 0 0])
  ("topic3" .
   [2 0 0 0 0 0])
  ("topic2" .
   [1 0 0 0 0 0])
  ("au1_2" .
   [2 0 0 0 0])
  ("pid_pub2" .
   [4 0 0 0 0 0 0 0])
  ("pid_pub3" .
   [2 0 0 0 0 0 0 0])
  ("set" .
   [3 0 0])
  ("uint8_t" .
   [6 0 0 0 0 0 0])
  ("at1_1" .
   [1 0 0 0 0])
  ("C" .
   [2])
  ("D" .
   [1])
  ("c" .
   [3])
  ("d" .
   [1])
  ("publish_order_" .
   [2 0 0 0 0 0 0 0 0 0 0 0 0 0])
  (":" .
   [1])))
